0.000000 2775836.00 2775713.00 99.00 0.00 24.00 0.00
1.000000 2775833.887 2775614.105 99.492 2.042 118.248 0.000
2.000000 2775832.826 2775512.683 102.027 3.073 215.004 0.038
3.000000 2775832.248 2775407.701 105.605 3.642 315.205 0.096
4.000000 2775831.889 2775298.583 109.764 4.000 419.378 0.165
5.000000 2775831.628 2775184.957 114.297 4.264 527.869 0.240
6.000000 2775831.408 2775066.544 119.113 4.490 640.941 0.320
7.000000 2775831.203 2774943.101 124.172 4.703 758.822 0.404
8.000000 2775831.000 2774814.399 129.462 4.913 881.732 0.493
9.000000 2775830.794 2774680.210 134.982 5.128 1009.889 0.585
10.000000 2775830.581 2774540.302 140.735 5.349 1143.514 0.682
11.000000 2775830.361 2774394.436 146.727 5.578 1282.837 0.782
12.000000 2775830.132 2774242.366 152.969 5.816 1428.094 0.887
13.000000 2775829.894 2774083.835 159.468 6.064 1579.531 0.996
14.000000 2775829.646 2773918.577 166.234 6.322 1737.402 1.110
15.000000 2775829.389 2773746.317 173.278 6.591 1901.973 1.229
16.000000 2775829.120 2773566.769 180.609 6.871 2073.518 1.353
17.000000 2775828.841 2773379.636 188.239 7.162 2252.322 1.482
18.000000 2775828.550 2773184.610 196.179 7.465 2438.680 1.617
19.000000 2775828.247 2772981.371 204.440 7.780 2632.899 1.757
20.000000 2775827.933 2772769.589 213.034 8.108 2835.298 1.904
21.000000 2775827.605 2772548.920 221.973 8.449 3046.207 2.056
22.000000 2775827.264 2772319.010 231.270 8.804 3265.966 2.215
23.000000 2775826.910 2772079.489 240.937 9.174 3494.930 2.380
24.000000 2775826.541 2771829.977 250.987 9.558 3733.466 2.553
25.000000 2775826.158 2771570.080 261.434 9.957 3981.954 2.733
26.000000 2775825.760 2771299.389 272.292 10.373 4240.787 2.920
27.000000 2775825.346 2771017.482 283.574 10.804 4510.371 3.115
28.000000 2775824.916 2770723.923 295.295 11.253 4791.127 3.318
29.000000 2775824.469 2770418.261 307.470 11.719 5083.490 3.529
30.000000 2775824.005 2770100.030 320.113 12.203 5387.908 3.750
31.000000 2775823.522 2769768.751 333.239 12.706 5704.847 3.979
32.000000 2775823.022 2769423.927 346.864 13.229 6034.784 4.218
33.000000 2775822.502 2769065.047 361.004 13.771 6378.214 4.467
34.000000 2775821.963 2768691.583 375.673 14.334 6735.647 4.726
35.000000 2775821.403 2768302.994 390.889 14.918 7107.607 4.995
36.000000 2775820.823 2767898.721 406.666 15.524 7494.636 5.276
37.000000 2775820.221 2767478.189 423.022 16.152 7897.291 5.567
38.000000 2775819.598 2767040.807 439.971 16.804 8316.144 5.871
39.000000 2775818.951 2766585.969 457.532 17.480 8751.784 6.187
40.000000 2775818.281 2766113.052 475.718 18.180 9204.816 6.516
41.000000 2775817.588 2765621.417 494.547 18.905 9675.861 6.857
42.000000 2775816.869 2765110.409 514.035 19.656 10165.556 7.213
43.000000 2775816.126 2764579.359 534.197 20.434 10674.554 7.582
44.000000 2775815.357 2764027.581 555.048 21.239 11203.523 7.966
45.000000 2775814.562 2763454.375 576.604 22.071 11753.146 8.366
46.000000 2775813.740 2762859.026 598.879 22.932 12324.122 8.781
47.000000 2775812.891 2762240.805 621.888 23.822 12917.164 9.212
48.000000 2775812.014 2761598.969 645.643 24.742 13533.000 9.660
49.000000 2775811.108 2760932.764 670.158 25.692 14172.369 10.125
50.000000 2775810.174 2760241.422 695.445 26.673 14836.026 10.608
51.000000 2775809.210 2759524.165 721.514 27.685 15524.736 11.109
52.000000 2775808.217 2758780.207 748.377 28.729 16239.275 11.630
53.000000 2775807.194 2758008.748 776.041 29.805 16980.430 12.170
54.000000 2775806.141 2757208.986 804.515 30.914 17748.997 12.730
55.000000 2775805.058 2756380.108 833.804 32.056 18545.778 13.311
56.000000 2775803.944 2755521.301 863.914 33.231 19371.583 13.914
57.000000 2775802.799 2754631.746 894.847 34.440 20227.227 14.539
58.000000 2775801.624 2753710.622 926.605 35.683 21113.528 15.186
59.000000 2775800.418 2752757.113 959.186 36.959 22031.303 15.857
60.000000 2775799.182 2751770.401 992.588 38.270 22981.370 16.552
61.000000 2775797.915 2750749.678 1026.806 39.614 23964.546 17.271
62.000000 2775796.619 2749694.140 1061.830 40.993 24981.640 18.016
63.000000 2775795.294 2748602.997 1097.652 42.404 26033.454 18.787
64.000000 2775793.940 2747475.469 1134.257 43.849 27120.781 19.584
65.000000 2775792.559 2746310.794 1171.630 45.327 28244.399 20.408
66.000000 2775791.150 2745108.230 1209.750 46.837 29405.072 21.261
67.000000 2775789.716 2743867.057 1248.595 48.378 30603.545 22.141
68.000000 2775788.257 2742586.580 1288.139 49.951 31840.537 23.051
69.000000 2775786.775 2741266.136 1328.351 51.553 33116.746 23.990
70.000000 2775785.271 2739905.094 1369.198 53.183 34432.837 24.959
71.000000 2775783.747 2738502.862 1410.642 54.841 35789.443 25.959
72.000000 2775782.205 2737058.888 1452.641 56.526 37187.160 26.990
73.000000 2775780.647 2735572.667 1495.150 58.234 38626.544 28.052
74.000000 2775779.076 2734043.743 1538.119 59.966 40108.102 29.147
75.000000 2775777.494 2732471.713 1581.492 61.718 41632.297 30.275
76.000000 2775775.904 2730856.234 1625.213 63.489 43199.534 31.435
77.000000 2775774.309 2729197.026 1669.217 65.276 44810.162 32.628
78.000000 2775772.712 2727493.875 1713.437 67.078 46464.467 33.856
79.000000 2775771.117 2725746.638 1757.801 68.891 48162.670 35.117
80.000000 2775769.528 2723955.249 1802.235 70.713 49904.919 36.412
81.000000 2775767.947 2722119.719 1846.657 72.541 51691.289 37.741
82.000000 2775766.380 2720240.146 1890.983 74.372 53521.775 39.105
83.000000 2775764.831 2718316.712 1935.126 76.201 55396.288 40.503
84.000000 2775763.305 2716349.694 1978.995 78.027 57314.653 41.936
85.000000 2775761.807 2714339.458 2022.495 79.845 59276.606 43.403
86.000000 2775760.340 2712286.472 2065.527 81.652 61281.786 44.904
87.000000 2775758.912 2710191.301 2107.991 83.443 63329.738 46.439
88.000000 2775757.526 2708054.615 2149.785 85.214 65419.904 48.008
89.000000 2775756.190 2705877.186 2190.803 86.963 67551.629 49.610
90.000000 2775754.908 2703659.892 2230.939 88.683 69724.149 51.245
